         ps       /testNodePatch/u_2_mid[13][13]    
          delta                                     
          0  +0                                x 
        100  +3                            11859 
       1300  +3                             9191 
       4500  +3                            11203 
       7700  +3                            11081 
      10900  +3                            10675 
      14100  +3                            10535 
      17300  +3                            10324 
      20500  +3                            10262 
      23700  +3                            10265 
      26900  +3                            10350 
      30100  +3                            10483 
      33300  +3                            10646 
      36500  +3                            10821 
      39700  +3                            10979 
      42900  +3                            11113 
      46100  +3                            11218 
      49300  +3                            11286 
      52500  +3                            11315 
      55700  +3                            11318 
      58900  +3                            11291 
      62100  +3                            11248 
      65300  +3                            11196 
      68500  +3                            11142 
      71700  +3                            11093 
      74900  +3                            11049 
      78100  +3                            11019 
      81300  +3                            10999 
      84500  +3                            10988 
      87700  +3                            10992 
      90900  +3                            11001 
      94100  +3                            11016 
      97300  +3                            11032 
     100500  +3                            11046 
     103700  +3                            11056 
     106900  +3                            11071 
     110100  +3                            11081 
     113300  +3                            11083 
     119700  +3                            11087 
     122900  +3                            11084 
     126100  +3                            11081 
     129300  +3                            11078 
     132500  +3                            11072 
     135700  +3                            11068 
     138900  +3                            11066 
     142100  +3                            11060 
     145300  +3                            11057 
     151700  +3                            11059 
     154900  +3                            11060 
     158100  +3                            11064 
     161300  +3                            11066 
     164500  +3                            11070 
     174100  +3                            11072 
     177300  +3                            11070 
     183700  +3                            11068 
     186900  +3                            11069 
