         ps       /testNodePatch/u_2_mid[13][13]    
          delta                                     
          0  +0                                x 
        100  +3                            11859 
       1300  +3                             9191 
       4500  +3                            10533 
       7700  +3                             9646 
      10900  +3                             8895 
      14100  +3                             8044 
      17300  +3                             6904 
      20500  +3                             5570 
      23700  +3                             3986 
      26900  +3                             2267 
      30100  +3                              540 
      33300  +3                            -1042 
      36500  +3                            -2324 
      39700  +3                            -3177 
      42900  +3                            -3544 
      46100  +3                            -3422 
      49300  +3                            -2879 
      52500  +3                            -2048 
      55700  +3                            -1071 
      58900  +3                             -118 
      62100  +3                              665 
      65300  +3                             1179 
      68500  +3                             1368 
      71700  +3                             1244 
      74900  +3                              852 
      78100  +3                              304 
      81300  +3                             -306 
      84500  +3                             -864 
      87700  +3                            -1284 
      90900  +3                            -1512 
      94100  +3                            -1522 
      97300  +3                            -1326 
     100500  +3                             -969 
     103700  +3                             -515 
     106900  +3                              -23 
     110100  +3                              420 
     113300  +3                              772 
     116500  +3                              986 
     119700  +3                             1050 
     122900  +3                              970 
     126100  +3                              768 
     129300  +3                              481 
     132500  +3                              161 
     135700  +3                             -152 
     138900  +3                             -411 
     142100  +3                             -591 
     145300  +3                             -685 
     148500  +3                             -683 
     151700  +3                             -596 
     154900  +3                             -451 
     158100  +3                             -264 
     161300  +3                              -71 
     164500  +3                               99 
     167700  +3                              224 
     170900  +3                              290 
     174100  +3                              298 
     177300  +3                              249 
     180500  +3                              155 
     183700  +3                               34 
     186900  +3                              -79 
     190100  +3                             -181 
     193300  +3                             -252 
     196500  +3                             -286 
     199700  +3                             -283 
     202900  +3                             -243 
     206100  +3                             -182 
     209300  +3                             -102 
     212500  +3                              -22 
     215700  +3                               41 
     218900  +3                               83 
     222100  +3                               97 
     225300  +3                               84 
     228500  +3                               48 
     231700  +3                                0 
     234900  +3                              -53 
     238100  +3                              -96 
     241300  +3                             -131 
     244500  +3                             -153 
     247700  +3                             -157 
     250900  +3                             -151 
     254100  +3                             -125 
     257300  +3                              -98 
     260500  +3                              -62 
     263700  +3                              -26 
     266900  +3                               -2 
     270100  +3                                8 
     273300  +3                                2 
     276500  +3                              -13 
     279700  +3                              -38 
     282900  +3                              -60 
     286100  +3                              -84 
     289300  +3                             -101 
     292500  +3                             -111 
     295700  +3                             -116 
     298900  +3                             -109 
     302100  +3                              -93 
     305300  +3                              -77 
     308500  +3                              -58 
     311700  +3                              -44 
     314900  +3                              -33 
     318100  +3                              -23 
     321300  +3                              -25 
     324500  +3                              -28 
     327700  +3                              -40 
     330900  +3                              -54 
     334100  +3                              -68 
     337300  +3                              -79 
     340500  +3                              -88 
     343700  +3                              -92 
     346900  +3                              -93 
     350100  +3                              -87 
     353300  +3                              -79 
     356500  +3                              -71 
     359700  +3                              -59 
     362900  +3                              -49 
     366100  +3                              -43 
     369300  +3                              -41 
     372500  +3                              -43 
     375700  +3                              -46 
     378900  +3                              -56 
     382100  +3                              -67 
     385300  +3                              -75 
     388500  +3                              -78 
     391700  +3                              -84 
     394900  +3                              -80 
     398100  +3                              -76 
     401300  +3                              -67 
     404500  +3                              -63 
     407700  +3                              -58 
     410900  +3                              -57 
     414100  +3                              -56 
     417300  +3                              -55 
     420500  +3                              -54 
     423700  +3                              -55 
     426900  +3                              -62 
     430100  +3                              -64 
     433300  +3                              -67 
     436500  +3                              -66 
     439700  +3                              -65 
     442900  +3                              -62 
     446100  +3                              -58 
     449300  +3                              -56 
     452500  +3                              -55 
     455700  +3                              -54 
     458900  +3                              -59 
     462100  +3                              -63 
     465300  +3                              -69 
     468500  +3                              -72 
     471700  +3                              -77 
     474900  +3                              -74 
     481300  +3                              -67 
     484500  +3                              -58 
     487700  +3                              -49 
     490900  +3                              -43 
     494100  +3                              -42 
     497300  +3                              -46 
     500500  +3                              -47 
     503700  +3                              -53 
     506900  +3                              -66 
     510100  +3                              -75 
     513300  +3                              -79 
     516500  +3                              -85 
     519700  +3                              -82 
     522900  +3                              -78 
     526100  +3                              -72 
     529300  +3                              -62 
     532500  +3                              -51 
     535700  +3                              -43 
     538900  +3                              -40 
     545300  +3                              -45 
     548500  +3                              -53 
     551700  +3                              -63 
     554900  +3                              -73 
     558100  +3                              -81 
     561300  +3                              -83 
     564500  +3                              -81 
     567700  +3                              -73 
     570900  +3                              -64 
     574100  +3                              -54 
     577300  +3                              -45 
     580500  +3                              -39 
     583700  +3                              -38 
     586900  +3                              -40 
     590100  +3                              -44 
     593300  +3                              -52 
     596500  +3                              -62 
     599700  +3                              -72 
     602900  +3                              -79 
     606100  +3                              -85 
     609300  +3                              -88 
     612500  +3                              -86 
     615700  +3                              -81 
     618900  +3                              -71 
     622100  +3                              -62 
     625300  +3                              -51 
     628500  +3                              -43 
     631700  +3                              -40 
     638100  +3                              -47 
     641300  +3                              -57 
     644500  +3                              -66 
     647700  +3                              -77 
     650900  +3                              -86 
     654100  +3                              -85 
     657300  +3                              -86 
     660500  +3                              -79 
     663700  +3                              -73 
     666900  +3                              -61 
     670100  +3                              -55 
     673300  +3                              -48 
     676500  +3                              -45 
     679700  +3                              -44 
     682900  +3                              -50 
     686100  +3                              -58 
     689300  +3                              -67 
     692500  +3                              -75 
     695700  +3                              -82 
     698900  +3                              -86 
     702100  +3                              -88 
     705300  +3                              -85 
     708500  +3                              -80 
     711700  +3                              -75 
     714900  +3                              -68 
     718100  +3                              -59 
     721300  +3                              -52 
     724500  +3                              -45 
     727700  +3                              -43 
     730900  +3                              -42 
     734100  +3                              -46 
     737300  +3                              -52 
     740500  +3                              -60 
     743700  +3                              -65 
     746900  +3                              -75 
     750100  +3                              -77 
     759700  +3                              -76 
     762900  +3                              -69 
     766100  +3                              -65 
     769300  +3                              -60 
     772500  +3                              -56 
     775700  +3                              -55 
     778900  +3                              -57 
     782100  +3                              -61 
     785300  +3                              -66 
     788500  +3                              -69 
     791700  +3                              -72 
     794900  +3                              -75 
     801300  +3                              -72 
     804500  +3                              -70 
     807700  +3                              -68 
     810900  +3                              -62 
     814100  +3                              -61 
     817300  +3                              -60 
     820500  +3                              -57 
     823700  +3                              -59 
     826900  +3                              -58 
     830100  +3                              -56 
     833300  +3                              -54 
     836500  +3                              -56 
     842900  +3                              -54 
     846100  +3                              -55 
     849300  +3                              -54 
     852500  +3                              -55 
     855700  +3                              -60 
     858900  +3                              -64 
     862100  +3                              -67 
     865300  +3                              -68 
     868500  +3                              -70 
     874900  +3                              -71 
     878100  +3                              -70 
     881300  +3                              -67 
     884500  +3                              -65 
     887700  +3                              -60 
     890900  +3                              -57 
     894100  +3                              -53 
     897300  +3                              -52 
     900500  +3                              -48 
     903700  +3                              -47 
     906900  +3                              -49 
     910100  +3                              -50 
     913300  +3                              -54 
     916500  +3                              -61 
     919700  +3                              -70 
     922900  +3                              -71 
     926100  +3                              -72 
     929300  +3                              -77 
     935700  +3                              -75 
     938900  +3                              -71 
     942100  +3                              -67 
     945300  +3                              -62 
     948500  +3                              -57 
     951700  +3                              -53 
     954900  +3                              -50 
     961300  +3                              -52 
     967700  +3                              -56 
     970900  +3                              -59 
     974100  +3                              -62 
     977300  +3                              -63 
     983700  +3                              -62 
     986900  +3                              -61 
     990100  +3                              -57 
     993300  +3                              -53 
     999700  +3                              -49 
    1006100  +3                              -51 
    1009300  +3                              -50 
    1012500  +3                              -49 
    1015700  +3                              -52 
    1018900  +3                              -51 
    1022100  +3                              -50 
    1025300  +3                              -51 
    1028500  +3                              -52 
    1031700  +3                              -53 
    1034900  +3                              -51 
    1038100  +3                              -55 
    1041300  +3                              -52 
    1044500  +3                              -58 
    1047700  +3                              -59 
    1050900  +3                              -62 
    1054100  +3                              -69 
    1057300  +3                              -71 
    1063700  +3                              -70 
    1066900  +3                              -68 
    1070100  +3                              -63 
    1073300  +3                              -59 
    1076500  +3                              -55 
    1079700  +3                              -52 
    1086100  +3                              -53 
    1089300  +3                              -56 
    1092500  +3                              -61 
    1095700  +3                              -66 
    1098900  +3                              -71 
